001   376.86  0.000000000000
002   381.87  0.000000000000
003   386.88  0.000000000000
004   391.89  0.000000000000
005   396.89  0.000000000000
006   401.90  0.000000000000
007   406.91  0.000000000000
008   411.92  0.000000000000
009   416.93  0.000000000000
010   421.94  0.000000000000
011   426.95  0.000000000000
012   431.96  0.000000000000
013   436.96  0.000000000000
014   441.97  0.000000000000
015   446.98  0.000000000000
016   451.99  0.000000000000
017   457.00  0.000000000000
018   462.01  0.000000000000
019   467.02  0.000000000000
020   472.02  0.000000000000
021   477.03  0.000000000000
022   482.04  0.000000000000
023   487.05  0.000000000000
024   492.06  0.000000000000
025   497.07  0.000000000000
026   502.08  0.000000000000
027   507.09  0.000000000000
028   512.09  0.000000000000
029   517.10  0.000000000000
030   522.11  0.000000000000
031   527.12  0.000000000000
032   532.13  0.000000000000
033   537.14  0.000000000000
034   542.15  0.000000000000
035   547.15  0.000000000000
036   552.16  0.000000000000
037   557.17  0.000000000000
038   562.18  0.000000000000
039   567.19  0.000000000000
040   572.20  0.000000000000
041   577.21  0.000000000000
042   582.22  0.000000000000
043   587.22  0.000000000000
044   592.23  0.000000000000
045   597.24  0.000000000000
046   602.25  0.000000000000
047   607.26  0.000000000000
048   612.27  0.000000000000
049   617.28  0.000000000000
050   622.28  0.000000000000
051   627.29  0.000000000000
052   632.30  0.000000000000
053   637.31  0.000000000000
054   642.32  0.000000000000
055   647.33  0.000000000000
056   652.34  0.000000000000
057   657.35  0.000000000000
058   662.35  0.000000000000
059   667.36  0.000000000000
060   672.37  0.000000000000
061   677.38  0.000000000000
062   682.39  0.000000000000
063   687.40  0.000000000000
064   692.41  0.000000000000
065   697.41  0.000000000000
066   702.42  0.000000000000
067   707.43  0.000000000000
068   712.44  0.000000000000
069   717.45  0.000000000000
070   722.46  0.000000000000
071   727.47  0.000000000000
072   732.48  0.000000000000
073   737.48  0.000000000000
074   742.49  0.000000000000
075   747.50  0.000000000000
076   752.51  0.000000000000
077   757.52  0.000000000000
078   762.53  0.000000000000
079   767.54  0.000000000000
080   772.54  0.000000000000
081   777.55  0.000000000000
082   782.56  0.000000000000
083   787.57  0.000000000000
084   792.58  0.000000000000
085   797.59  0.000000000000
086   802.60  0.000000000000
087   807.61  0.000000000000
088   812.61  0.000000000000
089   817.62  0.000000000000
090   822.63  0.000000000000
091   827.64  0.000000000000
092   832.65  0.000000000000
093   837.66  0.000000000000
094   842.67  0.000000000000
095   847.67  0.000000000000
096   852.68  0.000000000000
097   857.69  0.000000000000
098   862.70  0.000000000000
099   867.71  0.000000000000
100   872.72  0.000000000000
101   877.73  0.000000000000
102   882.74 -0.003957692999
103   887.74 -0.005794201978
104   892.75 -0.004818816204
105   897.76 -0.003409858327
106   902.77 -0.001373073435
107   907.78  0.000000000000
108   912.79  0.000000000000
109   917.80  0.000000000000
110   922.81  0.000000000000
111   927.81  0.000000000000
112   932.82  0.000000000000
113   937.83  0.000000000000
114   942.84  0.000000000000
115   947.85  0.000000000000
116   952.86  0.000000000000
117   957.87  0.000000000000
118   962.87  0.000000000000
119   967.88  0.000000000000
120   972.89  0.000000000000
121   977.90  0.000000000000
122   982.91  0.000000000000
123   987.92 -0.001388493925
124   992.93 -0.001415107981
125   997.94 -0.001008282299
126  1002.94  0.000000000000
127  1007.95 -0.001386992750
128  1012.96 -0.001482772059
129  1017.97  0.000000000000
130  1022.98  0.000000000000
131  1027.99  0.000000000000
132  1033.00  0.000000000000
133  1038.00  0.000000000000
134  1043.01  0.000000000000
135  1048.02  0.000000000000
136  1053.03  0.000000000000
137  1058.04  0.000000000000
138  1063.05  0.000000000000
139  1068.06  0.000000000000
140  1073.07  0.000000000000
141  1078.07  0.000000000000
142  1083.08  0.000000000000
143  1088.09  0.000000000000
144  1093.10  0.000000000000
145  1098.11  0.000000000000
146  1103.12  0.000000000000
147  1108.13  0.000000000000
148  1113.13 -0.001743103960
149  1118.14 -0.003251284128
150  1123.15 -0.007801365573
151  1128.16 -0.009188255295
152  1133.17 -0.009224294685
153  1138.18 -0.008435509168
154  1143.19 -0.006179642864
155  1148.20 -0.010373173282
156  1153.20 -0.021316098049
157  1158.21 -0.021971104667
158  1163.22 -0.027130991220
159  1168.23 -0.020464129746
160  1173.24 -0.013780750334
161  1178.25 -0.009111891501
162  1183.26 -0.006651615724
163  1188.26 -0.006010655314
164  1193.27 -0.003933463711
165  1198.28 -0.002480758354
166  1203.29 -0.001752380165
167  1208.30  0.000000000000
168  1213.31  0.000000000000
169  1218.32  0.000000000000
170  1223.33  0.000000000000
171  1228.33  0.000000000000
172  1233.34  0.000000000000
173  1238.35  0.000000000000
174  1243.36  0.000000000000
175  1248.37  0.000000000000
176  1253.38  0.000000000000
177  1258.39  0.000000000000
178  1263.39  0.000000000000
179  1268.40  0.000000000000
180  1273.41  0.000000000000
181  1278.42  0.000000000000
182  1283.43  0.000000000000
183  1288.44  0.000000000000
184  1293.45  0.000000000000
185  1298.46  0.000000000000
186  1303.46  0.000000000000
187  1308.47 -0.002036988270
188  1313.48 -0.005094644614
189  1318.49 -0.006716221105
190  1323.50 -0.007060192991
191  1328.51 -0.011310430244
192  1333.52 -0.020663840696
193  1338.52 -0.013388870284
194  1343.53 -0.017839320004
195  1348.54 -0.017627937719
196  1353.55 -0.015087471344
197  1358.56 -0.014597691596
198  1363.57 -0.004997699521
199  1368.58 -0.005791124888
200  1373.59 -0.018647450954
201  1378.59 -0.021346759051
202  1383.60 -0.016071785241
203  1388.61 -0.018021790311
204  1393.62 -0.019715933129
205  1398.63 -0.020169630647
206  1403.64 -0.021178413182
207  1408.65 -0.018440453336
208  1413.65 -0.014047591947
209  1418.66 -0.011432513595
210  1423.67 -0.010488530621
211  1428.68 -0.008807411417
212  1433.69 -0.005754778627
213  1438.70 -0.003621162148
214  1443.71 -0.002585102106
215  1448.72 -0.002261565765
216  1453.72 -0.001653135056
217  1458.73 -0.001398533233
218  1463.74 -0.001083752722
219  1468.75 -0.001362641342
220  1473.76 -0.001610669773
221  1478.77 -0.001663348754
222  1483.78  0.000000000000
223  1488.78  0.000000000000
224  1493.79  0.000000000000
225  1498.80  0.000000000000
226  1503.81  0.000000000000
227  1508.82  0.000000000000
228  1513.83  0.000000000000
229  1518.84  0.000000000000
230  1523.85  0.000000000000
231  1528.85  0.000000000000
232  1533.86  0.000000000000
233  1538.87  0.000000000000
234  1543.88  0.000000000000
235  1548.89  0.000000000000
236  1553.90  0.000000000000
237  1558.91  0.000000000000
238  1563.91  0.000000000000
239  1568.92  0.000000000000
240  1573.93  0.000000000000
241  1578.94  0.000000000000
242  1583.95  0.000000000000
243  1588.96  0.000000000000
244  1593.97  0.000000000000
245  1598.98  0.000000000000
246  1603.98  0.000000000000
247  1608.99 -0.001436793129
248  1614.00 -0.003369316226
249  1619.01 -0.007728588302
250  1624.02 -0.016354640946
251  1629.03 -0.033867508173
252  1634.04 -0.056194368750
253  1639.04 -0.075433470309
254  1644.05 -0.078629463911
255  1649.06 -0.082466907799
256  1654.07 -0.064620152116
257  1659.08 -0.036005161703
258  1664.09 -0.117656454444
259  1669.10 -0.127818197012
260  1674.11 -0.038046110421
261  1679.11 -0.040965341032
262  1684.12 -0.046775650233
263  1689.13 -0.049995388836
264  1694.14 -0.053544964641
265  1699.15 -0.057333543897
266  1704.16 -0.077188238502
267  1709.17 -0.070361956954
268  1714.17 -0.035392887890
269  1719.18 -0.028257992119
270  1724.19 -0.057610202581
271  1729.20 -0.063491582870
272  1734.21 -0.045077145100
273  1739.22 -0.034066684544
274  1744.23 -0.025518963113
275  1749.24 -0.020560093224
276  1754.24 -0.016602348536
277  1759.25 -0.016453931108
278  1764.26 -0.020025642589
279  1769.27 -0.027116997167
280  1774.28 -0.038131669164
281  1779.29 -0.025942338631
282  1784.30 -0.020397156477
283  1789.30 -0.042103867978
284  1794.31 -0.040079258382
285  1799.32 -0.014773891307
286  1804.33 -0.014252789319
287  1809.34 -0.013437505811
288  1814.35 -0.022392682731
289  1819.36 -0.012972172350
290  1824.37 -0.005081287120
291  1829.37 -0.005619389005
292  1834.38 -0.004975197371
293  1839.39 -0.002645066474
294  1844.40 -0.002626227448
295  1849.41 -0.002671377035
296  1854.42 -0.002358655212
297  1859.43 -0.001776975347
298  1864.44 -0.001852626097
299  1869.44 -0.001781887491
300  1874.45  0.000000000000
301  1879.46  0.000000000000
302  1884.47  0.000000000000
303  1889.48  0.000000000000
304  1894.49  0.000000000000
305  1899.50  0.000000000000
306  1904.50  0.000000000000
307  1909.51 -0.001004098565
308  1914.52  0.000000000000
309  1919.53  0.000000000000
310  1924.54 -0.001349525177
311  1929.55  0.000000000000
312  1934.56  0.000000000000
313  1939.57  0.000000000000
314  1944.57  0.000000000000
315  1949.58  0.000000000000
316  1954.59  0.000000000000
317  1959.60  0.000000000000
318  1964.61  0.000000000000
319  1969.62  0.000000000000
320  1974.63  0.000000000000
321  1979.63  0.000000000000
322  1984.64  0.000000000000
323  1989.65  0.000000000000
324  1994.66  0.000000000000
325  1999.67  0.000000000000
326  2004.68  0.000000000000
327  2009.69  0.000000000000
328  2014.70  0.000000000000
329  2019.70  0.000000000000
330  2024.71  0.000000000000
331  2029.72  0.000000000000
332  2034.73  0.000000000000
333  2039.74  0.000000000000
334  2044.75  0.000000000000
335  2049.76  0.000000000000
336  2054.76  0.000000000000
337  2059.77  0.000000000000
338  2064.78  0.000000000000
339  2069.79  0.000000000000
340  2074.80  0.000000000000
341  2079.81  0.000000000000
342  2084.82  0.000000000000
343  2089.83  0.000000000000
344  2094.83  0.000000000000
345  2099.84  0.000000000000
346  2104.85  0.000000000000
347  2109.86  0.000000000000
348  2114.87  0.000000000000
349  2119.88  0.000000000000
350  2124.89 -0.001441226108
351  2129.89 -0.002700180514
352  2134.90 -0.005258305464
353  2139.91 -0.008200848475
354  2144.92 -0.013117784634
355  2149.93 -0.021136663854
356  2154.94 -0.028959436342
357  2159.95 -0.039275515825
358  2164.96 -0.043950747699
359  2169.96 -0.047075923532
360  2174.97 -0.044622216374
361  2179.98 -0.039775647223
362  2184.99 -0.024378361180
363  2190.00 -0.017136882991
364  2195.01 -0.053855136037
365  2200.02 -0.315672695637
366  2205.02 -0.222087532282
367  2210.03 -0.048863053322
368  2215.04 -0.062311727554
369  2220.05 -0.100178577006
370  2225.06 -0.119079269469
371  2230.07 -0.171747595072
372  2235.08 -0.221679016948
373  2240.09 -0.245464593172
374  2245.09 -0.306159764528
375  2250.10 -0.310013830662
376  2255.11 -0.349232494831
377  2260.12 -0.381730079651
378  2265.13 -0.408808231354
379  2270.14 -0.366299182177
380  2275.15 -0.407892853022
381  2280.15 -0.366562843323
382  2285.16 -0.427127540112
383  2290.17 -0.473916351795
384  2295.18 -0.578193902969
385  2300.19 -0.623406171799
386  2305.20 -0.512985408306
387  2310.21 -0.217825964093
388  2315.22 -0.424605935812
389  2320.22 -0.805823326111
390  2325.23 -0.349824547768
391  2330.24 -0.330926328897
392  2335.25 -0.447336435318
393  2340.26 -0.664955973625
394  2345.27 -0.765850841999
395  2350.28 -0.822852313519
396  2355.28 -0.663470268250
397  2360.29 -0.408145427704
398  2365.30 -0.349628895521
399  2370.31 -0.941757559776
400  2375.32 -0.782898128033
401  2380.33 -0.396917670965
402  2385.34 -0.378131479025
403  2390.35 -0.384894341230
404  2395.35 -0.390100181103
405  2400.36 -0.283800899982
406  2405.37 -0.263780951500
407  2410.38 -0.175673022866
408  2415.39 -0.108080506325
409  2420.40 -0.122798472643
410  2425.41 -0.159389078617
411  2430.41 -0.106998428702
412  2435.42 -0.081438645720
413  2440.43 -0.067627988756
414  2445.44 -0.060479924083
415  2450.45 -0.054883059114
416  2455.46 -0.042508181185
417  2460.47 -0.034292113036
418  2465.48 -0.021387914196
419  2470.48 -0.023338846862
420  2475.49 -0.013813790865
421  2480.50 -0.013793218881
422  2485.51 -0.009112844244
423  2490.52 -0.011493255384
424  2495.53 -0.012562432326
425  2500.54 -0.011738124304
